118 227 69 108 33 141 122 182 252 30
146 63 217 100 148 74 221 241 218 24
218 174 130 193 170 67 114 243 240 3 
104 254 212 117 224 188 247 6 63 253
38 90 132 140 63 162 151 240 219 141
218 67 217 108 160 178 42 0 172 22 
159 117 223 15 28 51 213 141 168 70
54 147 63 12 239 211 197 59 249 238
193 249 214 181 222 13 254 15 117 224
48 128 171 46 5 171 195 223 147 63

117 224 193 61 123 114 245 186 165 110
147 63 29 70 158 100 241 115 123 142
234 124 191 71 103 67 169 84 167 121 
176 166 84 55 29 101 54 90 221 86 
77 71 195 86 94 34 182 255 105 64 
128 64 32 172 214 125 41 11 28 15 
143 146 108 117 224 94 103 80 255 129
63 123 36 147 63 63 116 189 115 252
31 166 1 229 139 74 146 58 60 249 
153 38 198 149 45 66 8 108 124 194 

13 172 213 149 115 163 226 31 100 179 
41 207 214 142 197 173 95 202 18 63 
192 135 251 86 147 139 79 45 252 162 
171 248 94 19 12 53 216 62 207 7 
163 219 46 172 1 7 222 233 197 189 
163 124 111 204 187 80 3 19 51 81 
212 234 153 43 137 100 206 41 138 174 
96 66 4 216 175 144 168 165 242 190 
45 138 57 249 238 189 128 26 230 246 
215 146 123 44 14 11 176 217 202 223 

